A0:0.000000
A1:1.000000
A2:0.000000
