Enble:1
Wave:490.000000
K1:0.500000
K2:1.000000
