Enble:0
fSingLEDDownLimt:0.010000
fSingLEDWaveUp:25.000000
fSingLEDWaveDown:25.000000
